89250497333
9170438367
74962058894
38657644568
924857465026
84656475682
78464746519
7385748564
3235235538
923562356
82364723563
83901864488
9327572446
40586598855
8326572465784
8393999910
94867436734
79104975774
89103555604
9845743764
82846594944
71057375664
94768476072
8585813536
00000000000
89298060999
39705999345
8597957356
79301659365
9947846487
98374635610
89274657030
37473268189
89003434000
8904580047
89391010247
4039757448
289294545600
79124005696
94854773993
9375000343
89894670089
896406366581
78452846900
674749459801
79464463867
94834703570
94670264568
89740025690
04966974691
