8-925-049-73-33
9170438367
74962058894
38657644568
924857465026
8-465-64756-82
78464746519
7385748564
3235235538
923-56235-68
8(913)790-34-12
89245670909
7(912)800-5-56
3(956)9040155
8(345)1234567
84959090900
93567676849
39019046366
8(91)7089-90-57
8(405)451-70-70
809056678899
891290905777
7(513)509-10-24
4(567)120-13-68
(935)9870029
(908)567-12-13
906-123-12-120
703912124567
+7-929-566-12-23
+7808034341
+83591213566
19171647079
9802301105
7(913567-56-56
+79139090588
8907813154
913-456-00-15
8-132-500-5004
8935-800-36-63
76886942580
+7(586)567-45-13
+8-456-461-31-88
823929090207
33058827476
8948956491
8(900)5050900
(800)450-43-13
8-800-555-35-35
+9091113434
70908950899
